shape =(6, 20001, 101, 2)	size =24241212	bytes =193929696	t =0.34308338165283203
shape =(6, 20001, 101, 2)	size =24241212	bytes =193929696	t =0.3307931423187256
shape =(6, 20001, 101, 2)	size =24241212	bytes =193929696	t =3.1856942176818848
