shape =(11, 20001, 101, 2)	size =44442222	bytes =355537776	t =1.0966460704803467
shape =(11, 20001, 101, 2)	size =44442222	bytes =355537776	t =1.073469877243042
shape =(11, 20001, 101, 2)	size =44442222	bytes =355537776	t =85.52217078208923
